0,-13.8155105580,-13.8155105580,-13.8155105580,-13.8155105580,-13.8155105580,-13.8155105580,-13.8155105580,-13.8155105580,-13.8155105580,-13.8155105580
1,-13.8155105580,-13.8155105580,-13.8155105580,-13.8155105580,-13.8155105580,-13.8155105580,-13.8155105580,-13.8155105580,-13.8155105580,-13.8155105580
2,-13.8155105580,-13.8155105580,-13.8155105580,-13.8155105580,-13.8155105580,-13.8155105580,-13.8155105580,-13.8155105580,-13.8155105580,-13.8155105580
3,-13.8155105580,-13.8155105580,-13.8155105580,-13.8155105580,-13.8155105580,-13.8155105580,-13.8155105580,-13.8155105580,-13.8155105580,-13.8155105580
4,-13.8155105580,-13.8155105580,-0.0000010000,-13.8155105580,-13.8155105580,-13.8155105580,-0.0000010000,-13.8155105580,-13.8155105580,-13.8155105580
5,-13.8155105580,-13.8155105580,-13.8155105580,-13.8155105580,-13.8155105580,-13.8155105580,-13.8155105580,-0.0000010000,-13.8155105580,-13.8155105580
6,-13.8155105580,-13.8155105580,-13.8155105580,-13.8155105580,-13.8155105580,-13.8155105580,-0.0000010000,-13.8155105580,-13.8155105580,-13.8155105580
7,-13.8155105580,-13.8155105580,-0.0000010000,-13.8155105580,-13.8155105580,-13.8155105580,-13.8155105580,-13.8155105580,-13.8155105580,-13.8155105580
8,-13.8155105580,-13.8155105580,-13.8155105580,-13.8155105580,-13.8155105580,-0.0000010000,-0.0000010000,-13.8155105580,-13.8155105580,-13.8155105580
9,-13.8155105580,-13.8155105580,-13.8155105580,-13.8155105580,-13.8155105580,-13.8155105580,-0.0000010000,-13.8155105580,-13.8155105580,-13.8155105580
10,-13.8155105580,-13.8155105580,-0.0000010000,-13.8155105580,-13.8155105580,-13.8155105580,-0.0000010000,-13.8155105580,-13.8155105580,-13.8155105580
11,-13.8155105580,-13.8155105580,-13.8155105580,-13.8155105580,-13.8155105580,-13.8155105580,-13.8155105580,-13.8155105580,-13.8155105580,-13.8155105580
12,-13.8155105580,-0.0000010000,-13.8155105580,-13.8155105580,-0.0000010000,-13.8155105580,-0.0000010000,-13.8155105580,-0.0000010000,-13.8155105580
13,-13.8155105580,-13.8155105580,-13.8155105580,-13.8155105580,-13.8155105580,-13.8155105580,-13.8155105580,-13.8155105580,-13.8155105580,-13.8155105580
14,-13.8155105580,-13.8155105580,-13.8155105580,-13.8155105580,-13.8155105580,-13.8155105580,-0.0000010000,-13.8155105580,-13.8155105580,-13.8155105580
15,-13.8155105580,-13.8155105580,-13.8155105580,-13.8155105580,-13.8155105580,-13.8155105580,-13.8155105580,-0.0000010000,-13.8155105580,-13.8155105580
16,-13.8155105580,-13.8155105580,-13.8155105580,-13.8155105580,-13.8155105580,-0.0000010000,-0.0000010000,-13.8155105580,-13.8155105580,-13.8155105580
17,-13.8155105580,-13.8155105580,-13.8155105580,-13.8155105580,-13.8155105580,-0.0000010000,-0.0000010000,-0.0000010000,-13.8155105580,-13.8155105580
18,-13.8155105580,-13.8155105580,-13.8155105580,-13.8155105580,-13.8155105580,-13.8155105580,-0.0000010000,-13.8155105580,-13.8155105580,-13.8155105580
19,-13.8155105580,-13.8155105580,-13.8155105580,-13.8155105580,-13.8155105580,-13.8155105580,-13.8155105580,-13.8155105580,-13.8155105580,-13.8155105580
20,-13.8155105580,-13.8155105580,-13.8155105580,-13.8155105580,-13.8155105580,-13.8155105580,-13.8155105580,-0.0000010000,-13.8155105580,-13.8155105580
21,-13.8155105580,-13.8155105580,-13.8155105580,-13.8155105580,-13.8155105580,-0.0000010000,-13.8155105580,-13.8155105580,-13.8155105580,-13.8155105580
22,-13.8155105580,-13.8155105580,-13.8155105580,-13.8155105580,-13.8155105580,-13.8155105580,-0.0000010000,-13.8155105580,-13.8155105580,-13.8155105580
23,-13.8155105580,-13.8155105580,-13.8155105580,-13.8155105580,-13.8155105580,-13.8155105580,-13.8155105580,-13.8155105580,-13.8155105580,-0.0000010000
24,-13.8155105580,-0.0000010000,-0.0000010000,-13.8155105580,-13.8155105580,-13.8155105580,-13.8155105580,-0.0000010000,-13.8155105580,-13.8155105580
25,-13.8155105580,-0.0000010000,-13.8155105580,-13.8155105580,-13.8155105580,-13.8155105580,-13.8155105580,-0.0000010000,-13.8155105580,-13.8155105580
26,-13.8155105580,-13.8155105580,-13.8155105580,-13.8155105580,-13.8155105580,-13.8155105580,-13.8155105580,-0.0000010000,-13.8155105580,-0.0000010000
27,-13.8155105580,-13.8155105580,-13.8155105580,-13.8155105580,-13.8155105580,-13.8155105580,-13.8155105580,-13.8155105580,-13.8155105580,-13.8155105580
28,-13.8155105580,-13.8155105580,-13.8155105580,-13.8155105580,-13.8155105580,-13.8155105580,-13.8155105580,-13.8155105580,-13.8155105580,-13.8155105580
29,-13.8155105580,-13.8155105580,-13.8155105580,-13.8155105580,-13.8155105580,-13.8155105580,-0.0000010000,-13.8155105580,-13.8155105580,-13.8155105580
30,-13.8155105580,-13.8155105580,-0.0000010000,-13.8155105580,-13.8155105580,-13.8155105580,-0.0000010000,-13.8155105580,-13.8155105580,-13.8155105580
31,-0.0000010000,-13.8155105580,-0.0000010000,-13.8155105580,-13.8155105580,-13.8155105580,-0.0000010000,-13.8155105580,-13.8155105580,-13.8155105580
32,-13.8155105580,-13.8155105580,-0.0000010000,-13.8155105580,-0.0000010000,-13.8155105580,-0.0000010000,-13.8155105580,-13.8155105580,-13.8155105580
33,-13.8155105580,-13.8155105580,-13.8155105580,-13.8155105580,-0.0000010000,-0.0000010000,-0.0000010000,-13.8155105580,-0.0000010000,-0.0000010000
34,-13.8155105580,-13.8155105580,-13.8155105580,-13.8155105580,-13.8155105580,-13.8155105580,-13.8155105580,-13.8155105580,-13.8155105580,-0.0000010000
35,-0.0000010000,-13.8155105580,-13.8155105580,-13.8155105580,-13.8155105580,-0.0000010000,-13.8155105580,-13.8155105580,-0.0000010000,-13.8155105580
36,-13.8155105580,-13.8155105580,-13.8155105580,-13.8155105580,-13.8155105580,-0.0000010000,-0.0000010000,-0.0000010000,-13.8155105580,-0.0000010000
37,-13.8155105580,-13.8155105580,-0.0000010000,-0.0000010000,-0.0000010000,-13.8155105580,-0.0000010000,-0.0000010000,-0.0000010000,-0.0000010000
38,-13.8155105580,-0.0000010000,-0.0000010000,-13.8155105580,-13.8155105580,-13.8155105580,-13.8155105580,-13.8155105580,-0.0000010000,-0.0000010000
39,-0.0000010000,-13.8155105580,-0.0000010000,-13.8155105580,-0.0000010000,-13.8155105580,-13.8155105580,-0.0000010000,-13.8155105580,-13.8155105580
40,-13.8155105580,-0.0000010000,-0.0000010000,-13.8155105580,-0.0000010000,-13.8155105580,-13.8155105580,-0.0000010000,-13.8155105580,-0.0000010000
41,-0.0000010000,-13.8155105580,-13.8155105580,-0.0000010000,-13.8155105580,-13.8155105580,-13.8155105580,-13.8155105580,-0.0000010000,-0.0000010000
42,-13.8155105580,-13.8155105580,-0.0000010000,-13.8155105580,-0.0000010000,-13.8155105580,-13.8155105580,-13.8155105580,-0.0000010000,-0.0000010000
43,-13.8155105580,-0.0000010000,-13.8155105580,-13.8155105580,-0.0000010000,-0.0000010000,-13.8155105580,-13.8155105580,-13.8155105580,-0.0000010000
44,-0.0000010000,-0.0000010000,-13.8155105580,-0.0000010000,-13.8155105580,-13.8155105580,-13.8155105580,-13.8155105580,-0.0000010000,-13.8155105580
45,-0.0000010000,-13.8155105580,-13.8155105580,-13.8155105580,-0.0000010000,-0.0000010000,-13.8155105580,-0.0000010000,-13.8155105580,-13.8155105580
46,-13.8155105580,-13.8155105580,-13.8155105580,-0.0000010000,-13.8155105580,-13.8155105580,-13.8155105580,-0.0000010000,-0.0000010000,-0.0000010000
47,-13.8155105580,-13.8155105580,-13.8155105580,-13.8155105580,-13.8155105580,-0.0000010000,-0.0000010000,-13.8155105580,-0.0000010000,-13.8155105580
48,-13.8155105580,-13.8155105580,-13.8155105580,-0.0000010000,-13.8155105580,-13.8155105580,-13.8155105580,-13.8155105580,-0.0000010000,-0.0000010000
49,-13.8155105580,-0.0000010000,-13.8155105580,-0.0000010000,-0.0000010000,-0.0000010000,-0.0000010000,-0.0000010000,-0.0000010000,-0.0000010000
50,-13.8155105580,-0.0000010000,-13.8155105580,-13.8155105580,-0.0000010000,-13.8155105580,-13.8155105580,-13.8155105580,-13.8155105580,-0.0000010000
51,-13.8155105580,-0.0000010000,-13.8155105580,-0.0000010000,-13.8155105580,-0.0000010000,-13.8155105580,-0.0000010000,-0.0000010000,-0.0000010000
52,-0.0000010000,-0.0000010000,-13.8155105580,-0.0000010000,-13.8155105580,-13.8155105580,-13.8155105580,-13.8155105580,-13.8155105580,-0.0000010000
53,-13.8155105580,-0.0000010000,-0.0000010000,-0.0000010000,-13.8155105580,-13.8155105580,-0.0000010000,-13.8155105580,-13.8155105580,-13.8155105580
54,-13.8155105580,-0.0000010000,-13.8155105580,-0.0000010000,-13.8155105580,-13.8155105580,-0.0000010000,-13.8155105580,-13.8155105580,-13.8155105580
55,-13.8155105580,-0.0000010000,-13.8155105580,-0.0000010000,-13.8155105580,-0.0000010000,-0.0000010000,-13.8155105580,-0.0000010000,-13.8155105580
56,-0.0000010000,-13.8155105580,-13.8155105580,-0.0000010000,-13.8155105580,-13.8155105580,-0.0000010000,-13.8155105580,-0.0000010000,-0.0000010000
57,-13.8155105580,-0.0000010000,-0.0000010000,-13.8155105580,-13.8155105580,-13.8155105580,-0.0000010000,-13.8155105580,-13.8155105580,-0.0000010000
58,-0.0000010000,-13.8155105580,-13.8155105580,-13.8155105580,-0.0000010000,-0.0000010000,-0.0000010000,-13.8155105580,-13.8155105580,-0.0000010000
59,-13.8155105580,-0.0000010000,-0.0000010000,-0.0000010000,-13.8155105580,-13.8155105580,-13.8155105580,-0.0000010000,-0.0000010000,-0.0000010000
60,-0.0000010000,-0.0000010000,-13.8155105580,-13.8155105580,-0.0000010000,-0.0000010000,-13.8155105580,-0.0000010000,-0.0000010000,-0.0000010000
61,-0.0000010000,-0.0000010000,-0.0000010000,-0.0000010000,-0.0000010000,-13.8155105580,-13.8155105580,-13.8155105580,-13.8155105580,-13.8155105580
62,-13.8155105580,-0.0000010000,-13.8155105580,-0.0000010000,-13.8155105580,-13.8155105580,-0.0000010000,-0.0000010000,-13.8155105580,-0.0000010000
63,-0.0000010000,-13.8155105580,-0.0000010000,-0.0000010000,-0.0000010000,-0.0000010000,-13.8155105580,-0.0000010000,-0.0000010000,-13.8155105580
64,-13.8155105580,-0.0000010000,-0.0000010000,-0.0000010000,-13.8155105580,-0.0000010000,-0.0000010000,-0.0000010000,-13.8155105580,-0.0000010000
65,-13.8155105580,-13.8155105580,-13.8155105580,-13.8155105580,-13.8155105580,-0.0000010000,-13.8155105580,-0.0000010000,-0.0000010000,-13.8155105580
66,-13.8155105580,-0.0000010000,-0.0000010000,-13.8155105580,-13.8155105580,-13.8155105580,-13.8155105580,-13.8155105580,-13.8155105580,-0.0000010000
67,-13.8155105580,-13.8155105580,-13.8155105580,-0.0000010000,-13.8155105580,-13.8155105580,-13.8155105580,-13.8155105580,-0.0000010000,-13.8155105580
68,-13.8155105580,-13.8155105580,-13.8155105580,-0.0000010000,-13.8155105580,-13.8155105580,-13.8155105580,-13.8155105580,-13.8155105580,-0.0000010000
69,-0.0000010000,-13.8155105580,-13.8155105580,-0.0000010000,-13.8155105580,-13.8155105580,-0.0000010000,-0.0000010000,-0.0000010000,-0.0000010000
70,-13.8155105580,-13.8155105580,-13.8155105580,-0.0000010000,-13.8155105580,-13.8155105580,-13.8155105580,-0.0000010000,-0.0000010000,-13.8155105580
71,-13.8155105580,-0.0000010000,-13.8155105580,-0.0000010000,-13.8155105580,-13.8155105580,-13.8155105580,-13.8155105580,-0.0000010000,-13.8155105580
72,-13.8155105580,-0.0000010000,-0.0000010000,-0.0000010000,-13.8155105580,-13.8155105580,-13.8155105580,-13.8155105580,-13.8155105580,-13.8155105580
73,-13.8155105580,-0.0000010000,-13.8155105580,-0.0000010000,-13.8155105580,-13.8155105580,-13.8155105580,-0.0000010000,-0.0000010000,-13.8155105580
74,-13.8155105580,-0.0000010000,-13.8155105580,-13.8155105580,-0.0000010000,-13.8155105580,-0.0000010000,-0.0000010000,-0.0000010000,-0.0000010000
75,-0.0000010000,-0.0000010000,-13.8155105580,-13.8155105580,-0.0000010000,-13.8155105580,-0.0000010000,-0.0000010000,-13.8155105580,-0.0000010000
76,-13.8155105580,-0.0000010000,-0.0000010000,-13.8155105580,-0.0000010000,-13.8155105580,-13.8155105580,-0.0000010000,-13.8155105580,-0.0000010000
77,-13.8155105580,-13.8155105580,-13.8155105580,-0.0000010000,-13.8155105580,-13.8155105580,-13.8155105580,-13.8155105580,-0.0000010000,-0.0000010000
78,-13.8155105580,-0.0000010000,-0.0000010000,-0.0000010000,-13.8155105580,-13.8155105580,-13.8155105580,-13.8155105580,-0.0000010000,-13.8155105580
79,-13.8155105580,-0.0000010000,-13.8155105580,-0.0000010000,-13.8155105580,-13.8155105580,-0.0000010000,-13.8155105580,-0.0000010000,-13.8155105580
80,-0.0000010000,-0.0000010000,-13.8155105580,-13.8155105580,-0.0000010000,-13.8155105580,-13.8155105580,-0.0000010000,-13.8155105580,-0.0000010000
81,-0.0000010000,-0.0000010000,-0.0000010000,-13.8155105580,-13.8155105580,-0.0000010000,-0.0000010000,-13.8155105580,-13.8155105580,-13.8155105580
82,-13.8155105580,-0.0000010000,-0.0000010000,-13.8155105580,-13.8155105580,-13.8155105580,-0.0000010000,-13.8155105580,-13.8155105580,-13.8155105580
83,-0.0000010000,-13.8155105580,-13.8155105580,-13.8155105580,-13.8155105580,-0.0000010000,-13.8155105580,-13.8155105580,-0.0000010000,-0.0000010000
84,-13.8155105580,-13.8155105580,-13.8155105580,-13.8155105580,-0.0000010000,-13.8155105580,-13.8155105580,-13.8155105580,-13.8155105580,-0.0000010000
85,-13.8155105580,-13.8155105580,-0.0000010000,-0.0000010000,-0.0000010000,-0.0000010000,-13.8155105580,-13.8155105580,-0.0000010000,-0.0000010000
86,-13.8155105580,-0.0000010000,-0.0000010000,-13.8155105580,-13.8155105580,-0.0000010000,-13.8155105580,-0.0000010000,-0.0000010000,-13.8155105580
87,-13.8155105580,-13.8155105580,-13.8155105580,-0.0000010000,-13.8155105580,-13.8155105580,-13.8155105580,-0.0000010000,-13.8155105580,-13.8155105580
88,-13.8155105580,-13.8155105580,-0.0000010000,-0.0000010000,-0.0000010000,-0.0000010000,-13.8155105580,-0.0000010000,-0.0000010000,-13.8155105580
89,-0.0000010000,-0.0000010000,-0.0000010000,-0.0000010000,-0.0000010000,-0.0000010000,-13.8155105580,-13.8155105580,-0.0000010000,-0.0000010000
90,-13.8155105580,-0.0000010000,-0.0000010000,-13.8155105580,-0.0000010000,-13.8155105580,-0.0000010000,-0.0000010000,-0.0000010000,-0.0000010000
91,-13.8155105580,-0.0000010000,-0.0000010000,-13.8155105580,-0.0000010000,-13.8155105580,-0.0000010000,-13.8155105580,-0.0000010000,-13.8155105580
92,-13.8155105580,-0.0000010000,-0.0000010000,-0.0000010000,-13.8155105580,-13.8155105580,-0.0000010000,-0.0000010000,-0.0000010000,-0.0000010000
93,-0.0000010000,-13.8155105580,-0.0000010000,-0.0000010000,-0.0000010000,-0.0000010000,-13.8155105580,-13.8155105580,-0.0000010000,-13.8155105580
94,-13.8155105580,-0.0000010000,-13.8155105580,-0.0000010000,-0.0000010000,-0.0000010000,-13.8155105580,-13.8155105580,-13.8155105580,-13.8155105580
95,-0.0000010000,-0.0000010000,-0.0000010000,-13.8155105580,-0.0000010000,-13.8155105580,-0.0000010000,-0.0000010000,-13.8155105580,-13.8155105580
96,-13.8155105580,-0.0000010000,-0.0000010000,-13.8155105580,-13.8155105580,-0.0000010000,-13.8155105580,-13.8155105580,-13.8155105580,-13.8155105580
97,-0.0000010000,-13.8155105580,-0.0000010000,-0.0000010000,-0.0000010000,-0.0000010000,-13.8155105580,-13.8155105580,-13.8155105580,-0.0000010000
98,-13.8155105580,-0.0000010000,-13.8155105580,-0.0000010000,-0.0000010000,-0.0000010000,-0.0000010000,-13.8155105580,-13.8155105580,-0.0000010000
99,-13.8155105580,-13.8155105580,-0.0000010000,-0.0000010000,-0.0000010000,-0.0000010000,-0.0000010000,-0.0000010000,-0.0000010000,-13.8155105580
100,-13.8155105580,-13.8155105580,-0.0000010000,-0.0000010000,-0.0000010000,-0.0000010000,-13.8155105580,-0.0000010000,-0.0000010000,-0.0000010000
101,-0.0000010000,-0.0000010000,-0.0000010000,-0.0000010000,-0.0000010000,-13.8155105580,-13.8155105580,-0.0000010000,-13.8155105580,-13.8155105580
102,-13.8155105580,-13.8155105580,-13.8155105580,-0.0000010000,-0.0000010000,-13.8155105580,-13.8155105580,-0.0000010000,-0.0000010000,-13.8155105580
103,-13.8155105580,-0.0000010000,-0.0000010000,-0.0000010000,-0.0000010000,-0.0000010000,-13.8155105580,-0.0000010000,-13.8155105580,-0.0000010000
104,-0.0000010000,-13.8155105580,-0.0000010000,-0.0000010000,-0.0000010000,-0.0000010000,-0.0000010000,-13.8155105580,-0.0000010000,-0.0000010000
105,-13.8155105580,-0.0000010000,-0.0000010000,-0.0000010000,-0.0000010000,-13.8155105580,-0.0000010000,-0.0000010000,-13.8155105580,-13.8155105580
106,-13.8155105580,-0.0000010000,-13.8155105580,-13.8155105580,-13.8155105580,-13.8155105580,-0.0000010000,-0.0000010000,-13.8155105580,-0.0000010000
107,-13.8155105580,-0.0000010000,-13.8155105580,-0.0000010000,-13.8155105580,-0.0000010000,-0.0000010000,-0.0000010000,-0.0000010000,-0.0000010000
108,-0.0000010000,-0.0000010000,-0.0000010000,-0.0000010000,-0.0000010000,-0.0000010000,-13.8155105580,-0.0000010000,-13.8155105580,-0.0000010000
109,-13.8155105580,-0.0000010000,-0.0000010000,-0.0000010000,-0.0000010000,-0.0000010000,-0.0000010000,-0.0000010000,-0.0000010000,-0.0000010000
110,-0.0000010000,-0.0000010000,-0.0000010000,-0.0000010000,-0.0000010000,-13.8155105580,-0.0000010000,-0.0000010000,-13.8155105580,-0.0000010000
111,-0.0000010000,-13.8155105580,-0.0000010000,-0.0000010000,-0.0000010000,-0.0000010000,-0.0000010000,-13.8155105580,-0.0000010000,-13.8155105580
112,-0.0000010000,-0.0000010000,-0.0000010000,-0.0000010000,-0.0000010000,-13.8155105580,-0.0000010000,-13.8155105580,-13.8155105580,-0.0000010000
113,-0.0000010000,-0.0000010000,-0.0000010000,-13.8155105580,-0.0000010000,-0.0000010000,-0.0000010000,-13.8155105580,-0.0000010000,-0.0000010000
114,-0.0000010000,-0.0000010000,-0.0000010000,-0.0000010000,-13.8155105580,-0.0000010000,-0.0000010000,-13.8155105580,-13.8155105580,-0.0000010000
115,-0.0000010000,-0.0000010000,-13.8155105580,-0.0000010000,-0.0000010000,-0.0000010000,-13.8155105580,-13.8155105580,-0.0000010000,-0.0000010000
116,-0.0000010000,-0.0000010000,-0.0000010000,-0.0000010000,-0.0000010000,-0.0000010000,-13.8155105580,-13.8155105580,-0.0000010000,-13.8155105580
117,-13.8155105580,-13.8155105580,-13.8155105580,-13.8155105580,-13.8155105580,-13.8155105580,-13.8155105580,-13.8155105580,-0.0000010000,-13.8155105580
118,-0.0000010000,-13.8155105580,-13.8155105580,-13.8155105580,-0.0000010000,-13.8155105580,-0.0000010000,-13.8155105580,-0.0000010000,-13.8155105580
119,-13.8155105580,-13.8155105580,-0.0000010000,-13.8155105580,-0.0000010000,-13.8155105580,-13.8155105580,-13.8155105580,-13.8155105580,-0.0000010000
120,-0.0000010000,-13.8155105580,-0.0000010000,-13.8155105580,-13.8155105580,-13.8155105580,-13.8155105580,-13.8155105580,-13.8155105580,-13.8155105580
121,-13.8155105580,-0.0000010000,-0.0000010000,-13.8155105580,-13.8155105580,-13.8155105580,-13.8155105580,-13.8155105580,-13.8155105580,-13.8155105580
122,-0.0000010000,-13.8155105580,-13.8155105580,-13.8155105580,-13.8155105580,-13.8155105580,-13.8155105580,-0.0000010000,-13.8155105580,-0.0000010000
123,-0.0000010000,-0.0000010000,-13.8155105580,-13.8155105580,-13.8155105580,-13.8155105580,-0.0000010000,-13.8155105580,-13.8155105580,-0.0000010000
124,-0.0000010000,-0.0000010000,-0.0000010000,-13.8155105580,-13.8155105580,-13.8155105580,-0.0000010000,-13.8155105580,-0.0000010000,-13.8155105580
125,-0.0000010000,-0.0000010000,-13.8155105580,-13.8155105580,-13.8155105580,-13.8155105580,-13.8155105580,-0.0000010000,-0.0000010000,-13.8155105580
126,-13.8155105580,-13.8155105580,-13.8155105580,-13.8155105580,-0.0000010000,-13.8155105580,-13.8155105580,-13.8155105580,-0.0000010000,-13.8155105580
127,-0.0000010000,-0.0000010000,-0.0000010000,-0.0000010000,-13.8155105580,-13.8155105580,-0.0000010000,-13.8155105580,-0.0000010000,-0.0000010000
128,-0.0000010000,-0.0000010000,-13.8155105580,-0.0000010000,-13.8155105580,-0.0000010000,-0.0000010000,-0.0000010000,-0.0000010000,-13.8155105580
129,-0.0000010000,-13.8155105580,-0.0000010000,-0.0000010000,-13.8155105580,-0.0000010000,-13.8155105580,-13.8155105580,-0.0000010000,-0.0000010000
130,-13.8155105580,-0.0000010000,-13.8155105580,-0.0000010000,-0.0000010000,-13.8155105580,-13.8155105580,-0.0000010000,-13.8155105580,-13.8155105580
131,-0.0000010000,-0.0000010000,-13.8155105580,-13.8155105580,-0.0000010000,-0.0000010000,-0.0000010000,-13.8155105580,-13.8155105580,-0.0000010000
132,-13.8155105580,-0.0000010000,-13.8155105580,-13.8155105580,-0.0000010000,-0.0000010000,-13.8155105580,-13.8155105580,-0.0000010000,-13.8155105580
133,-0.0000010000,-0.0000010000,-13.8155105580,-0.0000010000,-0.0000010000,-13.8155105580,-0.0000010000,-0.0000010000,-13.8155105580,-0.0000010000
134,-0.0000010000,-0.0000010000,-13.8155105580,-0.0000010000,-13.8155105580,-13.8155105580,-0.0000010000,-13.8155105580,-0.0000010000,-13.8155105580
135,-0.0000010000,-0.0000010000,-13.8155105580,-0.0000010000,-13.8155105580,-13.8155105580,-0.0000010000,-0.0000010000,-0.0000010000,-13.8155105580
136,-13.8155105580,-13.8155105580,-13.8155105580,-13.8155105580,-13.8155105580,-0.0000010000,-0.0000010000,-13.8155105580,-13.8155105580,-13.8155105580
137,-0.0000010000,-0.0000010000,-13.8155105580,-13.8155105580,-13.8155105580,-13.8155105580,-0.0000010000,-13.8155105580,-13.8155105580,-13.8155105580
138,-0.0000010000,-13.8155105580,-13.8155105580,-0.0000010000,-13.8155105580,-13.8155105580,-0.0000010000,-13.8155105580,-0.0000010000,-13.8155105580
139,-6.7962592505,-13.8155105580,-0.0000010000,-13.8155105580,-13.8155105580,-13.8155105580,-0.0000010000,-0.0000010000,-13.8155105580,-13.8155105580
140,-0.0000010000,-13.8155105580,-0.0000010000,-13.8155105580,-13.8155105580,-13.8155105580,-13.8155105580,-0.0000010000,-13.8155105580,-13.8155105580
141,-0.0000010000,-0.0000010000,-13.8155105580,-13.8155105580,-13.8155105580,-13.8155105580,-0.0000010000,-13.8155105580,-0.0000010000,-13.8155105580
142,-0.0000010000,-0.0000010000,-13.8155105580,-13.8155105580,-13.8155105580,-0.0000010000,-13.8155105580,-13.8155105580,-13.8155105580,-13.8155105580
143,-0.0000010000,-13.8155105580,-13.8155105580,-13.8155105580,-13.8155105580,-13.8155105580,-13.8155105580,-0.0000010000,-13.8155105580,-13.8155105580
144,-0.0000010000,-0.0000010000,-13.8155105580,-13.8155105580,-0.0000010000,-13.8155105580,-13.8155105580,-13.8155105580,-0.0000010000,-13.8155105580
145,-13.8155105580,-13.8155105580,-13.8155105580,-13.8155105580,-13.8155105580,-13.8155105580,-13.8155105580,-13.8155105580,-13.8155105580,-13.8155105580
146,-0.0000010000,-13.8155105580,-13.8155105580,-13.8155105580,-13.8155105580,-0.0000010000,-13.8155105580,-0.0000010000,-13.8155105580,-13.8155105580
147,-0.0000010000,-13.8155105580,-0.0000010000,-13.8155105580,-0.0000010000,-13.8155105580,-13.8155105580,-13.8155105580,-0.0000010000,-13.8155105580
148,-0.0000010000,-13.8155105580,-13.8155105580,-13.8155105580,-0.0000010000,-0.0000010000,-13.8155105580,-13.8155105580,-0.0000010000,-0.0000010000
149,-0.0000010000,-0.0000010000,-0.0000010000,-0.0000010000,-0.0000010000,-13.8155105580,-0.0000010000,-13.8155105580,-0.0000010000,-13.8155105580
150,-0.0000010000,-0.0000010000,-13.8155105580,-13.8155105580,-13.8155105580,-13.8155105580,-0.0000010000,-0.0000010000,-0.0000010000,-13.8155105580
151,-0.0000010000,-13.8155105580,-13.8155105580,-13.8155105580,-13.8155105580,-13.8155105580,-13.8155105580,-13.8155105580,-13.8155105580,-13.8155105580
152,-0.0000010000,-0.0000010000,-13.8155105580,-13.8155105580,-13.8155105580,-13.8155105580,-0.0000010000,-13.8155105580,-13.8155105580,-13.8155105580
153,-0.0000010000,-13.8155105580,-13.8155105580,-13.8155105580,-13.8155105580,-0.0000010000,-0.0000010000,-13.8155105580,-0.0000010000,-13.8155105580
154,-0.0000010000,-13.8155105580,-13.8155105580,-13.8155105580,-13.8155105580,-13.8155105580,-13.8155105580,-0.0000010000,-0.0000010000,-13.8155105580
155,-0.0000010000,-13.8155105580,-0.0000010000,-13.8155105580,-13.8155105580,-13.8155105580,-13.8155105580,-0.0000010000,-13.8155105580,-0.0000010000
156,-0.0000010000,-0.0000010000,-0.0000010000,-13.8155105580,-13.8155105580,-0.0000010000,-0.0000010000,-0.0000010000,-0.0000010000,-0.0000010000
157,-0.0000010000,-0.0000010000,-0.0000010000,-13.8155105580,-13.8155105580,-0.0000010000,-13.8155105580,-0.0000010000,-13.8155105580,-0.0000010000
158,-0.0000010000,-0.0000010000,-0.0000010000,-0.0000010000,-13.8155105580,-13.8155105580,-13.8155105580,-13.8155105580,-0.0000010000,-13.8155105580
159,-0.0000010000,-0.0000010000,-0.0000010000,-13.8155105580,-13.8155105580,-13.8155105580,-0.0000010000,-13.8155105580,-0.0000010000,-0.0000010000
160,-0.0000010000,-0.0000010000,-0.0000010000,-13.8155105580,-13.8155105580,-13.8155105580,-0.0000010000,-13.8155105580,-0.0000010000,-0.0000010000
161,-0.0000010000,-13.8155105580,-13.8155105580,-13.8155105580,-13.8155105580,-13.8155105580,-0.0000010000,-13.8155105580,-13.8155105580,-13.8155105580
162,-0.0000010000,-0.0000010000,-13.8155105580,-13.8155105580,-13.8155105580,-13.8155105580,-0.0000010000,-13.8155105580,-0.0000010000,-13.8155105580
163,-0.0000010000,-0.0000010000,-0.0000010000,-13.8155105580,-0.0000010000,-13.8155105580,-0.0000010000,-13.8155105580,-13.8155105580,-13.8155105580
164,-0.0000010000,-0.0000010000,-13.8155105580,-13.8155105580,-13.8155105580,-13.8155105580,-0.0000010000,-0.0000010000,-13.8155105580,-13.8155105580
165,-0.0000010000,-0.0000010000,-13.8155105580,-0.0000010000,-13.8155105580,-13.8155105580,-0.0000010000,-13.8155105580,-0.0000010000,-0.0000010000
166,-0.0000010000,-0.0000010000,-0.0000010000,-13.8155105580,-13.8155105580,-13.8155105580,-13.8155105580,-13.8155105580,-0.0000010000,-13.8155105580
167,-0.0000010000,-0.0000010000,-13.8155105580,-0.0000010000,-13.8155105580,-0.0000010000,-13.8155105580,-13.8155105580,-13.8155105580,-0.0000010000
168,-0.0000010000,-13.8155105580,-13.8155105580,-13.8155105580,-0.0000010000,-13.8155105580,-0.0000010000,-0.0000010000,-13.8155105580,-0.0000010000
169,-0.0000010000,-13.8155105580,-13.8155105580,-13.8155105580,-13.8155105580,-13.8155105580,-0.0000010000,-0.0000010000,-13.8155105580,-0.0000010000
170,-0.0000010000,-0.0000010000,-13.8155105580,-13.8155105580,-13.8155105580,-0.0000010000,-0.0000010000,-0.0000010000,-13.8155105580,-13.8155105580
171,-0.0000010000,-13.8155105580,-0.0000010000,-13.8155105580,-13.8155105580,-13.8155105580,-13.8155105580,-0.0000010000,-13.8155105580,-13.8155105580
172,-0.0000010000,-0.0000010000,-0.0000010000,-13.8155105580,-0.0000010000,-0.0000010000,-0.0000010000,-0.0000010000,-0.0000010000,-0.0000010000
173,-0.0000010000,-13.8155105580,-0.0000010000,-13.8155105580,-13.8155105580,-13.8155105580,-13.8155105580,-0.0000010000,-13.8155105580,-13.8155105580
174,-0.0000010000,-13.8155105580,-0.0000010000,-0.0000010000,-13.8155105580,-13.8155105580,-13.8155105580,-13.8155105580,-13.8155105580,-13.8155105580
175,-0.0000010000,-0.0000010000,-0.0000010000,-13.8155105580,-13.8155105580,-13.8155105580,-13.8155105580,-13.8155105580,-0.0000010000,-13.8155105580
176,-0.0000010000,-13.8155105580,-0.0000010000,-13.8155105580,-13.8155105580,-13.8155105580,-0.0000010000,-0.0000010000,-0.0000010000,-13.8155105580
177,-0.0000010000,-0.0000010000,-13.8155105580,-13.8155105580,-13.8155105580,-13.8155105580,-13.8155105580,-13.8155105580,-13.8155105580,-13.8155105580
178,-13.8155105580,-13.8155105580,-13.8155105580,-13.8155105580,-13.8155105580,-13.8155105580,-0.0000010000,-13.8155105580,-13.8155105580,-13.8155105580
179,-0.0000010000,-0.0000010000,-0.0000010000,-13.8155105580,-13.8155105580,-13.8155105580,-13.8155105580,-0.0000010000,-13.8155105580,-0.0000010000
180,-0.0000010000,-13.8155105580,-13.8155105580,-13.8155105580,-13.8155105580,-13.8155105580,-13.8155105580,-13.8155105580,-0.0000010000,-13.8155105580
181,-0.0000010000,-13.8155105580,-13.8155105580,-13.8155105580,-0.0000010000,-13.8155105580,-0.0000010000,-13.8155105580,-13.8155105580,-0.0000010000
182,-0.0000010000,-13.8155105580,-0.0000010000,-13.8155105580,-13.8155105580,-0.0000010000,-0.0000010000,-0.0000010000,-13.8155105580,-13.8155105580
183,-0.0000010000,-13.8155105580,-0.0000010000,-13.8155105580,-0.0000010000,-13.8155105580,-13.8155105580,-13.8155105580,-0.0000010000,-13.8155105580
184,-0.0000010000,-13.8155105580,-0.0000010000,-13.8155105580,-13.8155105580,-13.8155105580,-13.8155105580,-13.8155105580,-13.8155105580,-13.8155105580
185,-0.0000010000,-13.8155105580,-0.0000010000,-13.8155105580,-13.8155105580,-13.8155105580,-13.8155105580,-13.8155105580,-13.8155105580,-13.8155105580
186,-0.0000010000,-13.8155105580,-13.8155105580,-13.8155105580,-0.0000010000,-0.0000010000,-13.8155105580,-13.8155105580,-0.0000010000,-0.0000010000
187,-0.0000010000,-13.8155105580,-0.0000010000,-13.8155105580,-13.8155105580,-13.8155105580,-0.0000010000,-0.0000010000,-0.0000010000,-13.8155105580
188,-0.0000010000,-13.8155105580,-0.0000010000,-0.0000010000,-13.8155105580,-13.8155105580,-0.0000010000,-0.0000010000,-13.8155105580,-13.8155105580
189,-0.0000010000,-0.0000010000,-13.8155105580,-13.8155105580,-0.0000010000,-13.8155105580,-0.0000010000,-13.8155105580,-13.8155105580,-13.8155105580
190,-0.0000010000,-13.8155105580,-0.0000010000,-13.8155105580,-13.8155105580,-0.0000010000,-0.0000010000,-0.0000010000,-13.8155105580,-13.8155105580
191,-0.0000010000,-13.8155105580,-0.0000010000,-13.8155105580,-13.8155105580,-0.0000010000,-13.8155105580,-13.8155105580,-13.8155105580,-13.8155105580
192,-0.0000010000,-13.8155105580,-13.8155105580,-0.0000010000,-13.8155105580,-13.8155105580,-0.0000010000,-0.0000010000,-0.0000010000,-13.8155105580
193,-0.0000010000,-13.8155105580,-13.8155105580,-13.8155105580,-13.8155105580,-13.8155105580,-13.8155105580,-0.0000010000,-13.8155105580,-0.0000010000
194,-0.0000010000,-13.8155105580,-13.8155105580,-13.8155105580,-0.0000010000,-13.8155105580,-0.0000010000,-13.8155105580,-0.0000010000,-0.0000010000
195,-0.0000010000,-13.8155105580,-13.8155105580,-13.8155105580,-13.8155105580,-0.0000010000,-0.0000010000,-0.0000010000,-0.0000010000,-13.8155105580
196,-0.0000010000,-13.8155105580,-0.0000010000,-13.8155105580,-0.0000010000,-13.8155105580,-13.8155105580,-13.8155105580,-13.8155105580,-13.8155105580
197,-0.0000010000,-13.8155105580,-0.0000010000,-13.8155105580,-13.8155105580,-0.0000010000,-0.0000010000,-0.0000010000,-0.0000010000,-13.8155105580
198,-0.0000010000,-13.8155105580,-0.0000010000,-0.0000010000,-13.8155105580,-13.8155105580,-0.0000010000,-13.8155105580,-13.8155105580,-0.0000010000
199,-0.0000010000,-0.0000010000,-0.0000010000,-13.8155105580,-0.0000010000,-0.0000010000,-0.0000010000,-0.0000010000,-13.8155105580,-13.8155105580
200,-0.0000010000,-13.8155105580,-0.0000010000,-13.8155105580,-13.8155105580,-13.8155105580,-13.8155105580,-0.0000010000,-13.8155105580,-13.8155105580
201,-0.0000010000,-13.8155105580,-13.8155105580,-13.8155105580,-13.8155105580,-0.0000010000,-0.0000010000,-13.8155105580,-0.0000010000,-13.8155105580
202,-0.0000010000,-13.8155105580,-13.8155105580,-13.8155105580,-13.8155105580,-0.0000010000,-0.0000010000,-0.0000010000,-0.0000010000,-13.8155105580
203,-0.0000010000,-13.8155105580,-13.8155105580,-13.8155105580,-0.0000010000,-0.0000010000,-13.8155105580,-0.0000010000,-0.0000010000,-13.8155105580
204,-0.0000010000,-13.8155105580,-0.0000010000,-13.8155105580,-13.8155105580,-0.0000010000,-13.8155105580,-0.0000010000,-0.0000010000,-0.0000010000
205,-0.0000010000,-13.8155105580,-13.8155105580,-13.8155105580,-0.0000010000,-13.8155105580,-0.0000010000,-13.8155105580,-13.8155105580,-13.8155105580
206,-0.0000010000,-13.8155105580,-0.0000010000,-13.8155105580,-13.8155105580,-13.8155105580,-13.8155105580,-13.8155105580,-13.8155105580,-13.8155105580
207,-0.0000010000,-13.8155105580,-13.8155105580,-13.8155105580,-13.8155105580,-13.8155105580,-0.0000010000,-0.0000010000,-13.8155105580,-0.0000010000
208,-0.0000010000,-13.8155105580,-13.8155105580,-0.0000010000,-13.8155105580,-0.0000010000,-0.0000010000,-13.8155105580,-13.8155105580,-13.8155105580
209,-0.0000010000,-13.8155105580,-13.8155105580,-0.0000010000,-13.8155105580,-0.0000010000,-0.0000010000,-13.8155105580,-13.8155105580,-13.8155105580
210,-0.0000010000,-13.8155105580,-13.8155105580,-13.8155105580,-13.8155105580,-0.0000010000,-0.0000010000,-0.0000010000,-13.8155105580,-0.0000010000
211,-0.0000010000,-13.8155105580,-0.0000010000,-13.8155105580,-13.8155105580,-13.8155105580,-0.0000010000,-13.8155105580,-0.0000010000,-13.8155105580
212,-0.0000010000,-13.8155105580,-0.0000010000,-13.8155105580,-13.8155105580,-13.8155105580,-0.0000010000,-13.8155105580,-0.0000010000,-13.8155105580
213,-0.0000010000,-13.8155105580,-13.8155105580,-0.0000010000,-13.8155105580,-13.8155105580,-0.0000010000,-0.0000010000,-13.8155105580,-0.0000010000
214,-0.0000010000,-13.8155105580,-0.0000010000,-13.8155105580,-0.0000010000,-13.8155105580,-0.0000010000,-13.8155105580,-13.8155105580,-0.0000010000
215,-0.0000010000,-13.8155105580,-0.0000010000,-13.8155105580,-13.8155105580,-0.0000010000,-0.0000010000,-0.0000010000,-13.8155105580,-13.8155105580
216,-0.0000010000,-13.8155105580,-0.0000010000,-13.8155105580,-0.0000010000,-0.0000010000,-13.8155105580,-0.0000010000,-0.0000010000,-13.8155105580
217,-0.0000010000,-13.8155105580,-13.8155105580,-13.8155105580,-13.8155105580,-13.8155105580,-13.8155105580,-0.0000010000,-13.8155105580,-0.0000010000
218,-0.0000010000,-13.8155105580,-0.0000010000,-13.8155105580,-13.8155105580,-0.0000010000,-0.0000010000,-0.0000010000,-13.8155105580,-13.8155105580
219,-0.0000010000,-0.0000010000,-13.8155105580,-13.8155105580,-13.8155105580,-0.0000010000,-0.0000010000,-13.8155105580,-0.0000010000,-13.8155105580
