0,-13.8155105580,-13.8155105580,-13.8155105580,-13.8155105580,-13.8155105580,-13.8155105580,-13.8155105580,-13.8155105580,-13.8155105580,-13.8155105580
1,-13.8155105580,-13.8155105580,-13.8155105580,-13.8155105580,-13.8155105580,-13.8155105580,-13.8155105580,-13.8155105580,-13.8155105580,-13.8155105580
2,-13.8155105580,-13.8155105580,-13.8155105580,-13.8155105580,-13.8155105580,-13.8155105580,-13.8155105580,-13.8155105580,-13.8155105580,-13.8155105580
3,-13.8155105580,-13.8155105580,-13.8155105580,-13.8155105580,-13.8155105580,-13.8155105580,-13.8155105580,-13.8155105580,-13.8155105580,-13.8155105580
4,-13.8155105580,-13.8155105580,-13.8155105580,-13.8155105580,-13.8155105580,-13.8155105580,-13.8155105580,-13.8155105580,-13.8155105580,-13.8155105580
5,-13.8155105580,-13.8155105580,-13.8155105580,-13.8155105580,-13.8155105580,-13.8155105580,-13.8155105580,-13.8155105580,-13.8155105580,-13.8155105580
6,-13.8155105580,-13.8155105580,-13.8155105580,-13.8155105580,-13.8155105580,-13.8155105580,-13.8155105580,-13.8155105580,-13.8155105580,-13.8155105580
7,-13.8155105580,-13.8155105580,-13.8155105580,-13.8155105580,-13.8155105580,-13.8155105580,-13.8155105580,-13.8155105580,-13.8155105580,-13.8155105580
8,-13.8155105580,-13.8155105580,-13.8155105580,-13.8155105580,-13.8155105580,-13.8155105580,-13.8155105580,-13.8155105580,-13.8155105580,-13.8155105580
9,-13.8155105580,-13.8155105580,-13.8155105580,-13.8155105580,-13.8155105580,-13.8155105580,-13.8155105580,-13.8155105580,-13.8155105580,-13.8155105580
10,-13.8155105580,-13.8155105580,-13.8155105580,-13.8155105580,-13.8155105580,-13.8155105580,-13.8155105580,-13.8155105580,-13.8155105580,-13.8155105580
11,-13.8155105580,-13.8155105580,-13.8155105580,-13.8155105580,-13.8155105580,-13.8155105580,-13.8155105580,-13.8155105580,-13.8155105580,-13.8155105580
12,-13.8155105580,-13.8155105580,-13.8155105580,-13.8155105580,-13.8155105580,-13.8155105580,-13.8155105580,-13.8155105580,-13.8155105580,-13.8155105580
13,-13.8155105580,-13.8155105580,-13.8155105580,-13.8155105580,-13.8155105580,-13.8155105580,-13.8155105580,-13.8155105580,-13.8155105580,-13.8155105580
14,-13.8155105580,-13.8155105580,-13.8155105580,-13.8155105580,-13.8155105580,-13.8155105580,-13.8155105580,-13.8155105580,-13.8155105580,-13.8155105580
15,-13.8155105580,-13.8155105580,-13.8155105580,-13.8155105580,-13.8155105580,-13.8155105580,-13.8155105580,-13.8155105580,-13.8155105580,-13.8155105580
16,-13.8155105580,-13.8155105580,-13.8155105580,-13.8155105580,-13.8155105580,-13.8155105580,-13.8155105580,-0.0000010000,-13.8155105580,-13.8155105580
17,-13.8155105580,-13.8155105580,-13.8155105580,-13.8155105580,-13.8155105580,-13.8155105580,-13.8155105580,-13.8155105580,-13.8155105580,-13.8155105580
18,-13.8155105580,-13.8155105580,-13.8155105580,-13.8155105580,-13.8155105580,-13.8155105580,-13.8155105580,-13.8155105580,-13.8155105580,-13.8155105580
19,-13.8155105580,-13.8155105580,-13.8155105580,-13.8155105580,-13.8155105580,-13.8155105580,-13.8155105580,-13.8155105580,-13.8155105580,-13.8155105580
20,-13.8155105580,-13.8155105580,-13.8155105580,-13.8155105580,-13.8155105580,-13.8155105580,-13.8155105580,-13.8155105580,-13.8155105580,-13.8155105580
21,-13.8155105580,-13.8155105580,-13.8155105580,-13.8155105580,-13.8155105580,-13.8155105580,-13.8155105580,-13.8155105580,-13.8155105580,-13.8155105580
22,-13.8155105580,-13.8155105580,-0.0000010000,-13.8155105580,-13.8155105580,-13.8155105580,-13.8155105580,-13.8155105580,-13.8155105580,-13.8155105580
23,-13.8155105580,-13.8155105580,-13.8155105580,-13.8155105580,-13.8155105580,-13.8155105580,-13.8155105580,-13.8155105580,-13.8155105580,-13.8155105580
24,-13.8155105580,-13.8155105580,-0.0000010000,-13.8155105580,-13.8155105580,-13.8155105580,-0.0000010000,-13.8155105580,-13.8155105580,-13.8155105580
25,-13.8155105580,-13.8155105580,-13.8155105580,-13.8155105580,-13.8155105580,-13.8155105580,-13.8155105580,-13.8155105580,-13.8155105580,-13.8155105580
26,-13.8155105580,-13.8155105580,-13.8155105580,-13.8155105580,-13.8155105580,-13.8155105580,-13.8155105580,-13.8155105580,-13.8155105580,-13.8155105580
27,-13.8155105580,-13.8155105580,-13.8155105580,-13.8155105580,-13.8155105580,-13.8155105580,-13.8155105580,-13.8155105580,-13.8155105580,-13.8155105580
28,-13.8155105580,-13.8155105580,-13.8155105580,-13.8155105580,-13.8155105580,-13.8155105580,-13.8155105580,-13.8155105580,-13.8155105580,-13.8155105580
29,-13.8155105580,-13.8155105580,-13.8155105580,-13.8155105580,-13.8155105580,-13.8155105580,-13.8155105580,-13.8155105580,-13.8155105580,-13.8155105580
30,-13.8155105580,-13.8155105580,-13.8155105580,-13.8155105580,-13.8155105580,-13.8155105580,-13.8155105580,-13.8155105580,-13.8155105580,-13.8155105580
31,-13.8155105580,-13.8155105580,-13.8155105580,-13.8155105580,-13.8155105580,-13.8155105580,-13.8155105580,-13.8155105580,-13.8155105580,-13.8155105580
32,-13.8155105580,-13.8155105580,-13.8155105580,-0.0000010000,-0.0000010000,-13.8155105580,-13.8155105580,-13.8155105580,-13.8155105580,-13.8155105580
33,-13.8155105580,-13.8155105580,-0.0000010000,-13.8155105580,-0.0000010000,-13.8155105580,-13.8155105580,-0.0000010000,-13.8155105580,-0.0000010000
34,-13.8155105580,-13.8155105580,-13.8155105580,-13.8155105580,-13.8155105580,-13.8155105580,-13.8155105580,-0.0000010000,-0.0000010000,-13.8155105580
35,-13.8155105580,-13.8155105580,-0.0000010000,-13.8155105580,-13.8155105580,-13.8155105580,-0.0000010000,-0.0000010000,-13.8155105580,-13.8155105580
36,-13.8155105580,-13.8155105580,-13.8155105580,-13.8155105580,-13.8155105580,-13.8155105580,-13.8155105580,-0.0000010000,-13.8155105580,-13.8155105580
37,-13.8155105580,-0.0000010000,-0.0000010000,-13.8155105580,-0.0000010000,-13.8155105580,-13.8155105580,-13.8155105580,-13.8155105580,-13.8155105580
38,-13.8155105580,-13.8155105580,-0.0000010000,-0.0000010000,-0.0000010000,-0.0000010000,-0.0000010000,-0.0000010000,-13.8155105580,-0.0000010000
39,-13.8155105580,-0.0000010000,-0.0000010000,-13.8155105580,-13.8155105580,-0.0000010000,-13.8155105580,-13.8155105580,-13.8155105580,-13.8155105580
40,-13.8155105580,-13.8155105580,-0.0000010000,-13.8155105580,-13.8155105580,-13.8155105580,-0.0000010000,-13.8155105580,-13.8155105580,-13.8155105580
41,-13.8155105580,-13.8155105580,-13.8155105580,-0.0000010000,-13.8155105580,-13.8155105580,-13.8155105580,-0.0000010000,-13.8155105580,-13.8155105580
42,-13.8155105580,-0.0000010000,-0.0000010000,-0.0000010000,-0.0000010000,-13.8155105580,-13.8155105580,-13.8155105580,-0.0000010000,-0.0000010000
43,-13.8155105580,-13.8155105580,-0.0000010000,-0.0000010000,-13.8155105580,-13.8155105580,-13.8155105580,-13.8155105580,-13.8155105580,-13.8155105580
44,-13.8155105580,-0.0000010000,-13.8155105580,-0.0000010000,-13.8155105580,-0.0000010000,-13.8155105580,-0.0000010000,-13.8155105580,-13.8155105580
45,-0.0000010000,-13.8155105580,-0.0000010000,-13.8155105580,-0.0000010000,-0.0000010000,-13.8155105580,-13.8155105580,-0.0000010000,-13.8155105580
46,-13.8155105580,-0.0000010000,-13.8155105580,-13.8155105580,-13.8155105580,-13.8155105580,-13.8155105580,-0.0000010000,-13.8155105580,-13.8155105580
47,-0.0000010000,-0.0000010000,-13.8155105580,-13.8155105580,-13.8155105580,-0.0000010000,-13.8155105580,-0.0000010000,-13.8155105580,-13.8155105580
48,-13.8155105580,-13.8155105580,-0.0000010000,-0.0000010000,-0.0000010000,-0.0000010000,-13.8155105580,-13.8155105580,-13.8155105580,-13.8155105580
49,-0.0000010000,-0.0000010000,-0.0000010000,-0.0000010000,-0.0000010000,-0.0000010000,-13.8155105580,-13.8155105580,-0.0000010000,-13.8155105580
50,-13.8155105580,-0.0000010000,-0.0000010000,-0.0000010000,-0.0000010000,-0.0000010000,-0.0000010000,-13.8155105580,-13.8155105580,-0.0000010000
51,-13.8155105580,-0.0000010000,-13.8155105580,-0.0000010000,-0.0000010000,-0.0000010000,-13.8155105580,-13.8155105580,-0.0000010000,-13.8155105580
52,-0.0000010000,-0.0000010000,-0.0000010000,-0.0000010000,-0.0000010000,-0.0000010000,-0.0000010000,-13.8155105580,-13.8155105580,-13.8155105580
53,-13.8155105580,-13.8155105580,-13.8155105580,-0.0000010000,-0.0000010000,-0.0000010000,-13.8155105580,-13.8155105580,-13.8155105580,-0.0000010000
54,-13.8155105580,-0.0000010000,-13.8155105580,-0.0000010000,-13.8155105580,-0.0000010000,-0.0000010000,-13.8155105580,-13.8155105580,-0.0000010000
55,-0.0000010000,-0.0000010000,-13.8155105580,-0.0000010000,-0.0000010000,-0.0000010000,-13.8155105580,-0.0000010000,-0.0000010000,-13.8155105580
56,-0.0000010000,-13.8155105580,-0.0000010000,-0.0000010000,-0.0000010000,-13.8155105580,-0.0000010000,-0.0000010000,-13.8155105580,-13.8155105580
57,-13.8155105580,-13.8155105580,-0.0000010000,-0.0000010000,-13.8155105580,-13.8155105580,-13.8155105580,-0.0000010000,-13.8155105580,-13.8155105580
58,-13.8155105580,-13.8155105580,-0.0000010000,-0.0000010000,-0.0000010000,-13.8155105580,-13.8155105580,-13.8155105580,-13.8155105580,-13.8155105580
59,-13.8155105580,-0.0000010000,-0.0000010000,-0.0000010000,-0.0000010000,-0.0000010000,-13.8155105580,-13.8155105580,-13.8155105580,-0.0000010000
60,-0.0000010000,-13.8155105580,-0.0000010000,-0.0000010000,-13.8155105580,-13.8155105580,-13.8155105580,-13.8155105580,-13.8155105580,-13.8155105580
61,-13.8155105580,-0.0000010000,-0.0000010000,-0.0000010000,-0.0000010000,-0.0000010000,-13.8155105580,-13.8155105580,-0.0000010000,-0.0000010000
62,-0.0000010000,-13.8155105580,-13.8155105580,-0.0000010000,-0.0000010000,-13.8155105580,-13.8155105580,-0.0000010000,-13.8155105580,-13.8155105580
63,-0.0000010000,-13.8155105580,-13.8155105580,-0.0000010000,-13.8155105580,-0.0000010000,-13.8155105580,-0.0000010000,-13.8155105580,-13.8155105580
64,-13.8155105580,-0.0000010000,-13.8155105580,-0.0000010000,-0.0000010000,-0.0000010000,-13.8155105580,-13.8155105580,-13.8155105580,-0.0000010000
65,-13.8155105580,-13.8155105580,-13.8155105580,-0.0000010000,-13.8155105580,-13.8155105580,-13.8155105580,-13.8155105580,-13.8155105580,-13.8155105580
66,-13.8155105580,-13.8155105580,-0.0000010000,-0.0000010000,-13.8155105580,-13.8155105580,-13.8155105580,-13.8155105580,-13.8155105580,-13.8155105580
67,-13.8155105580,-0.0000010000,-13.8155105580,-0.0000010000,-0.0000010000,-13.8155105580,-13.8155105580,-13.8155105580,-13.8155105580,-13.8155105580
68,-13.8155105580,-13.8155105580,-0.0000010000,-0.0000010000,-0.0000010000,-0.0000010000,-0.0000010000,-0.0000010000,-13.8155105580,-13.8155105580
69,-13.8155105580,-13.8155105580,-0.0000010000,-0.0000010000,-13.8155105580,-0.0000010000,-13.8155105580,-0.0000010000,-0.0000010000,-13.8155105580
70,-13.8155105580,-13.8155105580,-13.8155105580,-0.0000010000,-0.0000010000,-13.8155105580,-13.8155105580,-0.0000010000,-13.8155105580,-0.0000010000
71,-13.8155105580,-13.8155105580,-13.8155105580,-0.0000010000,-0.0000010000,-13.8155105580,-0.0000010000,-0.0000010000,-13.8155105580,-0.0000010000
72,-13.8155105580,-13.8155105580,-0.0000010000,-0.0000010000,-0.0000010000,-13.8155105580,-13.8155105580,-0.0000010000,-13.8155105580,-0.0000010000
73,-13.8155105580,-0.0000010000,-0.0000010000,-0.0000010000,-0.0000010000,-0.0000010000,-13.8155105580,-0.0000010000,-13.8155105580,-13.8155105580
74,-13.8155105580,-0.0000010000,-0.0000010000,-0.0000010000,-13.8155105580,-13.8155105580,-13.8155105580,-0.0000010000,-13.8155105580,-0.0000010000
75,-13.8155105580,-0.0000010000,-0.0000010000,-13.8155105580,-0.0000010000,-13.8155105580,-13.8155105580,-0.0000010000,-13.8155105580,-13.8155105580
76,-13.8155105580,-13.8155105580,-0.0000010000,-0.0000010000,-13.8155105580,-13.8155105580,-0.0000010000,-0.0000010000,-13.8155105580,-0.0000010000
77,-13.8155105580,-13.8155105580,-13.8155105580,-0.0000010000,-13.8155105580,-13.8155105580,-0.0000010000,-13.8155105580,-13.8155105580,-0.0000010000
78,-0.0000010000,-0.0000010000,-13.8155105580,-0.0000010000,-13.8155105580,-0.0000010000,-0.0000010000,-13.8155105580,-0.0000010000,-13.8155105580
79,-13.8155105580,-13.8155105580,-0.0000010000,-0.0000010000,-0.0000010000,-13.8155105580,-0.0000010000,-0.0000010000,-13.8155105580,-0.0000010000
80,-13.8155105580,-0.0000010000,-13.8155105580,-13.8155105580,-0.0000010000,-0.0000010000,-0.0000010000,-0.0000010000,-13.8155105580,-0.0000010000
81,-0.0000010000,-0.0000010000,-0.0000010000,-0.0000010000,-0.0000010000,-13.8155105580,-13.8155105580,-13.8155105580,-0.0000010000,-0.0000010000
82,-0.0000010000,-0.0000010000,-0.0000010000,-0.0000010000,-13.8155105580,-13.8155105580,-13.8155105580,-0.0000010000,-0.0000010000,-0.0000010000
83,-0.0000010000,-0.0000010000,-0.0000010000,-0.0000010000,-13.8155105580,-0.0000010000,-13.8155105580,-13.8155105580,-0.0000010000,-0.0000010000
84,-13.8155105580,-0.0000010000,-0.0000010000,-0.0000010000,-0.0000010000,-0.0000010000,-0.0000010000,-0.0000010000,-0.0000010000,-13.8155105580
85,-13.8155105580,-0.0000010000,-0.0000010000,-0.0000010000,-0.0000010000,-13.8155105580,-0.0000010000,-0.0000010000,-0.0000010000,-0.0000010000
86,-13.8155105580,-0.0000010000,-0.0000010000,-0.0000010000,-13.8155105580,-13.8155105580,-13.8155105580,-13.8155105580,-0.0000010000,-0.0000010000
87,-13.8155105580,-13.8155105580,-0.0000010000,-0.0000010000,-0.0000010000,-13.8155105580,-13.8155105580,-0.0000010000,-13.8155105580,-0.0000010000
88,-13.8155105580,-13.8155105580,-0.0000010000,-0.0000010000,-0.0000010000,-0.0000010000,-13.8155105580,-13.8155105580,-13.8155105580,-0.0000010000
89,-13.8155105580,-0.0000010000,-0.0000010000,-0.0000010000,-0.0000010000,-0.0000010000,-13.8155105580,-0.0000010000,-0.0000010000,-13.8155105580
90,-13.8155105580,-0.0000010000,-0.0000010000,-0.0000010000,-0.0000010000,-13.8155105580,-13.8155105580,-0.0000010000,-13.8155105580,-0.0000010000
91,-13.8155105580,-13.8155105580,-13.8155105580,-13.8155105580,-13.8155105580,-13.8155105580,-13.8155105580,-0.0000010000,-13.8155105580,-13.8155105580
92,-0.0000010000,-13.8155105580,-0.0000010000,-0.0000010000,-0.0000010000,-0.0000010000,-13.8155105580,-0.0000010000,-13.8155105580,-0.0000010000
93,-13.8155105580,-0.0000010000,-0.0000010000,-0.0000010000,-0.0000010000,-0.0000010000,-13.8155105580,-0.0000010000,-0.0000010000,-0.0000010000
94,-13.8155105580,-0.0000010000,-0.0000010000,-0.0000010000,-0.0000010000,-0.0000010000,-0.0000010000,-0.0000010000,-13.8155105580,-0.0000010000
95,-0.0000010000,-0.0000010000,-13.8155105580,-0.0000010000,-0.0000010000,-0.0000010000,-13.8155105580,-0.0000010000,-0.0000010000,-0.0000010000
96,-13.8155105580,-0.0000010000,-13.8155105580,-0.0000010000,-0.0000010000,-13.8155105580,-13.8155105580,-13.8155105580,-13.8155105580,-0.0000010000
97,-13.8155105580,-0.0000010000,-13.8155105580,-0.0000010000,-0.0000010000,-0.0000010000,-13.8155105580,-0.0000010000,-13.8155105580,-13.8155105580
98,-13.8155105580,-0.0000010000,-13.8155105580,-0.0000010000,-0.0000010000,-0.0000010000,-0.0000010000,-0.0000010000,-0.0000010000,-0.0000010000
99,-13.8155105580,-0.0000010000,-0.0000010000,-0.0000010000,-0.0000010000,-0.0000010000,-13.8155105580,-0.0000010000,-13.8155105580,-0.0000010000
100,-0.0000010000,-0.0000010000,-13.8155105580,-0.0000010000,-0.0000010000,-13.8155105580,-13.8155105580,-13.8155105580,-13.8155105580,-0.0000010000
101,-13.8155105580,-0.0000010000,-0.0000010000,-0.0000010000,-13.8155105580,-0.0000010000,-13.8155105580,-0.0000010000,-0.0000010000,-0.0000010000
102,-13.8155105580,-13.8155105580,-0.0000010000,-0.0000010000,-13.8155105580,-0.0000010000,-0.0000010000,-0.0000010000,-13.8155105580,-0.0000010000
103,-0.0000010000,-0.0000010000,-0.0000010000,-0.0000010000,-0.0000010000,-0.0000010000,-0.0000010000,-13.8155105580,-0.0000010000,-0.0000010000
104,-13.8155105580,-0.0000010000,-0.0000010000,-0.0000010000,-0.0000010000,-0.0000010000,-13.8155105580,-13.8155105580,-0.0000010000,-0.0000010000
105,-0.0000010000,-0.0000010000,-0.0000010000,-0.0000010000,-0.0000010000,-0.0000010000,-0.0000010000,-13.8155105580,-0.0000010000,-13.8155105580
106,-13.8155105580,-0.0000010000,-0.0000010000,-13.8155105580,-0.0000010000,-0.0000010000,-0.0000010000,-13.8155105580,-0.0000010000,-13.8155105580
107,-0.0000010000,-0.0000010000,-0.0000010000,-0.0000010000,-0.0000010000,-0.0000010000,-0.0000010000,-13.8155105580,-0.0000010000,-0.0000010000
108,-13.8155105580,-0.0000010000,-13.8155105580,-0.0000010000,-0.0000010000,-0.0000010000,-13.8155105580,-13.8155105580,-0.0000010000,-0.0000010000
109,-13.8155105580,-0.0000010000,-0.0000010000,-0.0000010000,-0.0000010000,-0.0000010000,-0.0000010000,-13.8155105580,-0.0000010000,-0.0000010000
110,-13.8155105580,-0.0000010000,-13.8155105580,-0.0000010000,-0.0000010000,-13.8155105580,-13.8155105580,-0.0000010000,-0.0000010000,-0.0000010000
111,-0.0000010000,-0.0000010000,-13.8155105580,-0.0000010000,-0.0000010000,-0.0000010000,-0.0000010000,-13.8155105580,-0.0000010000,-0.0000010000
112,-13.8155105580,-0.0000010000,-13.8155105580,-0.0000010000,-0.0000010000,-0.0000010000,-0.0000010000,-13.8155105580,-0.0000010000,-13.8155105580
113,-13.8155105580,-0.0000010000,-13.8155105580,-0.0000010000,-0.0000010000,-0.0000010000,-13.8155105580,-13.8155105580,-0.0000010000,-0.0000010000
114,-0.0000010000,-0.0000010000,-0.0000010000,-0.0000010000,-0.0000010000,-0.0000010000,-13.8155105580,-13.8155105580,-0.0000010000,-0.0000010000
115,-0.0000010000,-0.0000010000,-0.0000010000,-0.0000010000,-0.0000010000,-0.0000010000,-0.0000010000,-13.8155105580,-0.0000010000,-0.0000010000
116,-0.0000010000,-0.0000010000,-13.8155105580,-0.0000010000,-0.0000010000,-13.8155105580,-0.0000010000,-13.8155105580,-0.0000010000,-0.0000010000
117,-0.0000010000,-13.8155105580,-13.8155105580,-13.8155105580,-13.8155105580,-13.8155105580,-13.8155105580,-13.8155105580,-13.8155105580,-13.8155105580
118,-0.0000010000,-13.8155105580,-13.8155105580,-13.8155105580,-13.8155105580,-13.8155105580,-13.8155105580,-13.8155105580,-13.8155105580,-13.8155105580
119,-13.8155105580,-0.0000010000,-0.0000010000,-13.8155105580,-0.0000010000,-13.8155105580,-13.8155105580,-13.8155105580,-0.0000010000,-13.8155105580
120,-13.8155105580,-13.8155105580,-13.8155105580,-13.8155105580,-13.8155105580,-13.8155105580,-13.8155105580,-13.8155105580,-13.8155105580,-13.8155105580
121,-13.8155105580,-13.8155105580,-13.8155105580,-13.8155105580,-13.8155105580,-13.8155105580,-13.8155105580,-13.8155105580,-13.8155105580,-13.8155105580
122,-0.0000010000,-13.8155105580,-13.8155105580,-13.8155105580,-13.8155105580,-13.8155105580,-13.8155105580,-0.0000010000,-13.8155105580,-13.8155105580
123,-0.0000010000,-0.0000010000,-0.0000010000,-13.8155105580,-13.8155105580,-13.8155105580,-13.8155105580,-13.8155105580,-13.8155105580,-13.8155105580
124,-0.0000010000,-13.8155105580,-13.8155105580,-13.8155105580,-13.8155105580,-13.8155105580,-13.8155105580,-13.8155105580,-13.8155105580,-13.8155105580
125,-0.0000010000,-0.0000010000,-13.8155105580,-13.8155105580,-13.8155105580,-13.8155105580,-13.8155105580,-13.8155105580,-13.8155105580,-0.0000010000
126,-13.8155105580,-0.0000010000,-0.0000010000,-13.8155105580,-13.8155105580,-13.8155105580,-13.8155105580,-13.8155105580,-13.8155105580,-13.8155105580
127,-0.0000010000,-0.0000010000,-13.8155105580,-13.8155105580,-13.8155105580,-13.8155105580,-13.8155105580,-0.0000010000,-0.0000010000,-0.0000010000
128,-13.8155105580,-0.0000010000,-13.8155105580,-0.0000010000,-13.8155105580,-13.8155105580,-0.0000010000,-0.0000010000,-13.8155105580,-0.0000010000
129,-13.8155105580,-0.0000010000,-0.0000010000,-0.0000010000,-13.8155105580,-0.0000010000,-0.0000010000,-13.8155105580,-0.0000010000,-0.0000010000
130,-13.8155105580,-0.0000010000,-0.0000010000,-0.0000010000,-13.8155105580,-0.0000010000,-13.8155105580,-0.0000010000,-0.0000010000,-0.0000010000
131,-0.0000010000,-0.0000010000,-13.8155105580,-0.0000010000,-13.8155105580,-0.0000010000,-0.0000010000,-13.8155105580,-0.0000010000,-0.0000010000
132,-0.0000010000,-0.0000010000,-13.8155105580,-0.0000010000,-0.0000010000,-0.0000010000,-0.0000010000,-13.8155105580,-0.0000010000,-0.0000010000
133,-13.8155105580,-0.0000010000,-13.8155105580,-0.0000010000,-13.8155105580,-13.8155105580,-13.8155105580,-0.0000010000,-0.0000010000,-0.0000010000
134,-0.0000010000,-13.8155105580,-13.8155105580,-13.8155105580,-13.8155105580,-13.8155105580,-13.8155105580,-13.8155105580,-13.8155105580,-13.8155105580
135,-0.0000010000,-13.8155105580,-13.8155105580,-0.0000010000,-13.8155105580,-13.8155105580,-13.8155105580,-13.8155105580,-13.8155105580,-0.0000010000
136,-13.8155105580,-13.8155105580,-0.0000010000,-13.8155105580,-13.8155105580,-13.8155105580,-13.8155105580,-13.8155105580,-13.8155105580,-13.8155105580
137,-0.0000010000,-13.8155105580,-13.8155105580,-13.8155105580,-13.8155105580,-13.8155105580,-13.8155105580,-13.8155105580,-13.8155105580,-13.8155105580
138,-13.8155105580,-13.8155105580,-13.8155105580,-13.8155105580,-13.8155105580,-13.8155105580,-13.8155105580,-13.8155105580,-13.8155105580,-13.8155105580
139,-13.8155105580,-13.8155105580,-13.8155105580,-13.8155105580,-13.8155105580,-13.8155105580,-0.0000010000,-13.8155105580,-13.8155105580,-13.8155105580
140,-0.0000010000,-13.8155105580,-0.0000010000,-13.8155105580,-13.8155105580,-13.8155105580,-13.8155105580,-13.8155105580,-13.8155105580,-13.8155105580
141,-0.0000010000,-13.8155105580,-13.8155105580,-13.8155105580,-13.8155105580,-13.8155105580,-13.8155105580,-13.8155105580,-13.8155105580,-13.8155105580
142,-0.0000010000,-13.8155105580,-13.8155105580,-13.8155105580,-13.8155105580,-13.8155105580,-0.0000010000,-13.8155105580,-13.8155105580,-13.8155105580
143,-13.8155105580,-13.8155105580,-0.0000010000,-13.8155105580,-13.8155105580,-13.8155105580,-13.8155105580,-13.8155105580,-13.8155105580,-13.8155105580
144,-0.0000010000,-13.8155105580,-0.0000010000,-13.8155105580,-13.8155105580,-13.8155105580,-13.8155105580,-13.8155105580,-13.8155105580,-13.8155105580
145,-0.0000010000,-13.8155105580,-13.8155105580,-13.8155105580,-13.8155105580,-13.8155105580,-13.8155105580,-0.0000010000,-13.8155105580,-13.8155105580
146,-0.0000010000,-13.8155105580,-13.8155105580,-13.8155105580,-13.8155105580,-13.8155105580,-0.0000010000,-13.8155105580,-13.8155105580,-13.8155105580
147,-0.0000010000,-13.8155105580,-13.8155105580,-13.8155105580,-13.8155105580,-13.8155105580,-13.8155105580,-13.8155105580,-13.8155105580,-13.8155105580
148,-0.0000010000,-13.8155105580,-13.8155105580,-13.8155105580,-13.8155105580,-0.0000010000,-0.0000010000,-0.0000010000,-13.8155105580,-13.8155105580
149,-0.0000010000,-0.0000010000,-0.0000010000,-0.0000010000,-0.0000010000,-13.8155105580,-0.0000010000,-13.8155105580,-0.0000010000,-13.8155105580
150,-0.0000010000,-0.0000010000,-0.0000010000,-13.8155105580,-13.8155105580,-13.8155105580,-0.0000010000,-13.8155105580,-13.8155105580,-0.0000010000
151,-0.0000010000,-13.8155105580,-13.8155105580,-13.8155105580,-13.8155105580,-13.8155105580,-13.8155105580,-0.0000010000,-0.0000010000,-13.8155105580
152,-0.0000010000,-13.8155105580,-13.8155105580,-13.8155105580,-13.8155105580,-13.8155105580,-13.8155105580,-13.8155105580,-13.8155105580,-13.8155105580
153,-0.0000010000,-13.8155105580,-13.8155105580,-13.8155105580,-13.8155105580,-0.0000010000,-0.0000010000,-13.8155105580,-13.8155105580,-13.8155105580
154,-0.0000010000,-13.8155105580,-13.8155105580,-13.8155105580,-13.8155105580,-0.0000010000,-0.0000010000,-13.8155105580,-13.8155105580,-13.8155105580
155,-0.0000010000,-13.8155105580,-0.0000010000,-13.8155105580,-13.8155105580,-0.0000010000,-13.8155105580,-0.0000010000,-13.8155105580,-13.8155105580
156,-0.0000010000,-13.8155105580,-0.0000010000,-13.8155105580,-13.8155105580,-0.0000010000,-0.0000010000,-0.0000010000,-13.8155105580,-13.8155105580
157,-0.0000010000,-0.0000010000,-0.0000010000,-0.0000010000,-13.8155105580,-0.0000010000,-0.0000010000,-13.8155105580,-13.8155105580,-13.8155105580
158,-0.0000010000,-0.0000010000,-13.8155105580,-13.8155105580,-13.8155105580,-13.8155105580,-0.0000010000,-13.8155105580,-13.8155105580,-0.0000010000
159,-0.0000010000,-0.0000010000,-13.8155105580,-0.0000010000,-0.0000010000,-0.0000010000,-0.0000010000,-0.0000010000,-0.0000010000,-0.0000010000
160,-0.0000010000,-0.0000010000,-0.0000010000,-0.0000010000,-13.8155105580,-13.8155105580,-0.0000010000,-13.8155105580,-13.8155105580,-13.8155105580
161,-0.0000010000,-0.0000010000,-0.0000010000,-13.8155105580,-0.0000010000,-13.8155105580,-0.0000010000,-0.0000010000,-13.8155105580,-13.8155105580
162,-0.0000010000,-13.8155105580,-13.8155105580,-13.8155105580,-13.8155105580,-13.8155105580,-0.0000010000,-0.0000010000,-0.0000010000,-13.8155105580
163,-0.0000010000,-0.0000010000,-0.0000010000,-13.8155105580,-13.8155105580,-13.8155105580,-0.0000010000,-0.0000010000,-13.8155105580,-13.8155105580
164,-0.0000010000,-13.8155105580,-0.0000010000,-13.8155105580,-13.8155105580,-0.0000010000,-0.0000010000,-0.0000010000,-0.0000010000,-13.8155105580
165,-0.0000010000,-13.8155105580,-13.8155105580,-0.0000010000,-0.0000010000,-13.8155105580,-0.0000010000,-13.8155105580,-0.0000010000,-0.0000010000
166,-0.0000010000,-0.0000010000,-13.8155105580,-13.8155105580,-13.8155105580,-13.8155105580,-0.0000010000,-0.0000010000,-0.0000010000,-13.8155105580
167,-0.0000010000,-0.0000010000,-13.8155105580,-13.8155105580,-13.8155105580,-0.0000010000,-0.0000010000,-0.0000010000,-0.0000010000,-0.0000010000
168,-0.0000010000,-13.8155105580,-13.8155105580,-13.8155105580,-13.8155105580,-13.8155105580,-13.8155105580,-0.0000010000,-0.0000010000,-13.8155105580
169,-0.0000010000,-13.8155105580,-13.8155105580,-13.8155105580,-13.8155105580,-13.8155105580,-13.8155105580,-0.0000010000,-13.8155105580,-13.8155105580
170,-0.0000010000,-13.8155105580,-0.0000010000,-13.8155105580,-13.8155105580,-13.8155105580,-13.8155105580,-13.8155105580,-0.0000010000,-13.8155105580
171,-0.0000010000,-13.8155105580,-0.0000010000,-13.8155105580,-13.8155105580,-0.0000010000,-0.0000010000,-0.0000010000,-13.8155105580,-0.0000010000
172,-0.0000010000,-13.8155105580,-0.0000010000,-13.8155105580,-13.8155105580,-13.8155105580,-13.8155105580,-0.0000010000,-0.0000010000,-13.8155105580
173,-0.0000010000,-13.8155105580,-13.8155105580,-13.8155105580,-13.8155105580,-13.8155105580,-0.0000010000,-0.0000010000,-0.0000010000,-13.8155105580
174,-0.0000010000,-13.8155105580,-13.8155105580,-13.8155105580,-13.8155105580,-13.8155105580,-13.8155105580,-13.8155105580,-0.0000010000,-13.8155105580
175,-0.0000010000,-13.8155105580,-13.8155105580,-13.8155105580,-13.8155105580,-13.8155105580,-0.0000010000,-13.8155105580,-0.0000010000,-13.8155105580
176,-0.0000010000,-13.8155105580,-13.8155105580,-13.8155105580,-13.8155105580,-13.8155105580,-13.8155105580,-13.8155105580,-13.8155105580,-13.8155105580
177,-0.0000010000,-0.0000010000,-13.8155105580,-13.8155105580,-13.8155105580,-13.8155105580,-13.8155105580,-0.0000010000,-0.0000010000,-13.8155105580
178,-0.0000010000,-13.8155105580,-13.8155105580,-13.8155105580,-13.8155105580,-13.8155105580,-13.8155105580,-13.8155105580,-13.8155105580,-13.8155105580
179,-0.0000010000,-13.8155105580,-13.8155105580,-13.8155105580,-13.8155105580,-13.8155105580,-13.8155105580,-0.0000010000,-0.0000010000,-13.8155105580
180,-0.0000010000,-13.8155105580,-13.8155105580,-13.8155105580,-13.8155105580,-13.8155105580,-13.8155105580,-13.8155105580,-13.8155105580,-13.8155105580
181,-0.0000010000,-0.0000010000,-0.0000010000,-13.8155105580,-13.8155105580,-13.8155105580,-0.0000010000,-0.0000010000,-13.8155105580,-13.8155105580
182,-0.0000010000,-13.8155105580,-0.0000010000,-13.8155105580,-13.8155105580,-13.8155105580,-0.0000010000,-13.8155105580,-13.8155105580,-13.8155105580
183,-0.0000010000,-13.8155105580,-13.8155105580,-13.8155105580,-13.8155105580,-13.8155105580,-13.8155105580,-13.8155105580,-0.0000010000,-13.8155105580
184,-0.0000010000,-13.8155105580,-13.8155105580,-13.8155105580,-13.8155105580,-13.8155105580,-13.8155105580,-13.8155105580,-0.0000010000,-13.8155105580
185,-0.0000010000,-13.8155105580,-13.8155105580,-13.8155105580,-13.8155105580,-13.8155105580,-13.8155105580,-13.8155105580,-13.8155105580,-13.8155105580
186,-0.0000010000,-0.0000010000,-13.8155105580,-0.0000010000,-0.0000010000,-13.8155105580,-0.0000010000,-13.8155105580,-0.0000010000,-0.0000010000
187,-0.0000010000,-13.8155105580,-13.8155105580,-13.8155105580,-13.8155105580,-13.8155105580,-13.8155105580,-13.8155105580,-13.8155105580,-13.8155105580
188,-0.0000010000,-13.8155105580,-13.8155105580,-13.8155105580,-13.8155105580,-13.8155105580,-0.0000010000,-0.0000010000,-0.0000010000,-13.8155105580
189,-0.0000010000,-13.8155105580,-13.8155105580,-13.8155105580,-13.8155105580,-13.8155105580,-13.8155105580,-0.0000010000,-0.0000010000,-13.8155105580
190,-0.0000010000,-13.8155105580,-13.8155105580,-13.8155105580,-13.8155105580,-13.8155105580,-13.8155105580,-0.0000010000,-0.0000010000,-13.8155105580
191,-0.0000010000,-13.8155105580,-13.8155105580,-13.8155105580,-13.8155105580,-13.8155105580,-0.0000010000,-0.0000010000,-0.0000010000,-0.0000010000
192,-0.0000010000,-13.8155105580,-13.8155105580,-13.8155105580,-13.8155105580,-13.8155105580,-0.0000010000,-0.0000010000,-0.0000010000,-0.0000010000
193,-0.0000010000,-13.8155105580,-0.0000010000,-13.8155105580,-13.8155105580,-0.0000010000,-0.0000010000,-0.0000010000,-0.0000010000,-13.8155105580
194,-0.0000010000,-13.8155105580,-13.8155105580,-13.8155105580,-13.8155105580,-0.0000010000,-0.0000010000,-13.8155105580,-0.0000010000,-13.8155105580
195,-0.0000010000,-0.0000010000,-13.8155105580,-13.8155105580,-13.8155105580,-0.0000010000,-0.0000010000,-0.0000010000,-0.0000010000,-13.8155105580
196,-0.0000010000,-13.8155105580,-13.8155105580,-13.8155105580,-13.8155105580,-13.8155105580,-0.0000010000,-0.0000010000,-0.0000010000,-0.0000010000
197,-0.0000010000,-13.8155105580,-0.0000010000,-13.8155105580,-13.8155105580,-13.8155105580,-0.0000010000,-0.0000010000,-0.0000010000,-0.0000010000
198,-0.0000010000,-13.8155105580,-13.8155105580,-13.8155105580,-13.8155105580,-13.8155105580,-0.0000010000,-0.0000010000,-0.0000010000,-13.8155105580
199,-0.0000010000,-0.0000010000,-13.8155105580,-13.8155105580,-0.0000010000,-13.8155105580,-0.0000010000,-0.0000010000,-0.0000010000,-0.0000010000
200,-0.0000010000,-13.8155105580,-13.8155105580,-13.8155105580,-13.8155105580,-13.8155105580,-0.0000010000,-13.8155105580,-0.0000010000,-13.8155105580
201,-0.0000010000,-13.8155105580,-13.8155105580,-13.8155105580,-13.8155105580,-13.8155105580,-0.0000010000,-13.8155105580,-13.8155105580,-13.8155105580
202,-0.0000010000,-13.8155105580,-13.8155105580,-13.8155105580,-13.8155105580,-0.0000010000,-0.0000010000,-0.0000010000,-0.0000010000,-0.0000010000
203,-0.0000010000,-13.8155105580,-0.0000010000,-13.8155105580,-13.8155105580,-13.8155105580,-0.0000010000,-0.0000010000,-0.0000010000,-13.8155105580
204,-0.0000010000,-13.8155105580,-13.8155105580,-13.8155105580,-13.8155105580,-13.8155105580,-0.0000010000,-0.0000010000,-0.0000010000,-13.8155105580
205,-0.0000010000,-13.8155105580,-13.8155105580,-13.8155105580,-13.8155105580,-0.0000010000,-0.0000010000,-0.0000010000,-0.0000010000,-13.8155105580
206,-0.0000010000,-13.8155105580,-13.8155105580,-13.8155105580,-13.8155105580,-13.8155105580,-0.0000010000,-0.0000010000,-0.0000010000,-13.8155105580
207,-0.0000010000,-13.8155105580,-0.0000010000,-13.8155105580,-13.8155105580,-0.0000010000,-0.0000010000,-0.0000010000,-0.0000010000,-13.8155105580
208,-0.0000010000,-13.8155105580,-13.8155105580,-13.8155105580,-13.8155105580,-13.8155105580,-0.0000010000,-0.0000010000,-0.0000010000,-13.8155105580
209,-0.0000010000,-0.0000010000,-0.0000010000,-13.8155105580,-13.8155105580,-0.0000010000,-0.0000010000,-0.0000010000,-0.0000010000,-0.0000010000
210,-0.0000010000,-13.8155105580,-0.0000010000,-13.8155105580,-13.8155105580,-13.8155105580,-0.0000010000,-0.0000010000,-0.0000010000,-0.0000010000
211,-0.0000010000,-0.0000010000,-0.0000010000,-13.8155105580,-13.8155105580,-0.0000010000,-0.0000010000,-13.8155105580,-0.0000010000,-0.0000010000
212,-0.0000010000,-0.0000010000,-0.0000010000,-13.8155105580,-0.0000010000,-13.8155105580,-0.0000010000,-0.0000010000,-0.0000010000,-13.8155105580
213,-0.0000010000,-0.0000010000,-0.0000010000,-13.8155105580,-13.8155105580,-13.8155105580,-0.0000010000,-0.0000010000,-0.0000010000,-0.0000010000
214,-0.0000010000,-13.8155105580,-13.8155105580,-13.8155105580,-13.8155105580,-0.0000010000,-0.0000010000,-13.8155105580,-0.0000010000,-0.0000010000
215,-0.0000010000,-0.0000010000,-0.0000010000,-13.8155105580,-0.0000010000,-0.0000010000,-0.0000010000,-13.8155105580,-0.0000010000,-13.8155105580
216,-0.0000010000,-13.8155105580,-0.0000010000,-13.8155105580,-13.8155105580,-0.0000010000,-0.0000010000,-0.0000010000,-0.0000010000,-0.0000010000
217,-0.0000010000,-13.8155105580,-13.8155105580,-13.8155105580,-13.8155105580,-13.8155105580,-0.0000010000,-0.0000010000,-0.0000010000,-0.0000010000
218,-0.0000010000,-13.8155105580,-0.0000010000,-13.8155105580,-13.8155105580,-0.0000010000,-0.0000010000,-0.0000010000,-0.0000010000,-0.0000010000
219,-0.0000010000,-0.0000010000,-13.8155105580,-13.8155105580,-13.8155105580,-0.0000010000,-0.0000010000,-0.0000010000,-0.0000010000,-0.0000010000
