0,0,0,0,0,0,0,0,0,0,0
1,0,0,0,0,0,0,0,0,0,0
2,0,0,0,0,0,0,0,0,0,0
3,0,0,0,0,0,0,0,0,0,0
4,0,0,0,0,0,0,0,0,0,0
5,0,0,0,0,0,0,0,0,0,0
6,0,0,0,0,0,0,0,0,0,0
7,0,0,0,0,0,0,0,0,0,0
8,0,0,0,0,0,0,0,0,0,0
9,0,0,0,0,0,0,0,0,0,0
10,0,0,0,0,0,0,0,0,0,0
11,0,0,0,0,0,0,0,0,0,0
12,0,0,0,0,0,0,0,0,0,0
13,0,0,0,0,0,0,0,0,0,0
14,0,0,0,0,0,0,0,0,0,0
15,0,0,0,0,0,0,0,0,0,0
16,0,0,0,0,0,0,0,1,0,0
17,0,0,0,0,0,0,0,0,0,0
18,0,0,0,0,0,0,0,0,0,0
19,0,0,0,0,0,0,0,0,0,0
20,0,0,0,0,0,0,0,0,0,0
21,0,0,0,0,0,0,0,0,0,0
22,0,0,1,0,0,0,0,0,0,0
23,0,0,0,0,0,0,0,0,0,0
24,0,0,1,0,0,0,1,0,0,0
25,0,0,0,0,0,0,0,0,0,0
26,0,0,0,0,0,0,0,0,0,0
27,0,0,0,0,0,0,0,0,0,0
28,0,0,0,0,0,0,0,0,0,0
29,0,0,0,0,0,0,0,0,0,0
30,0,0,0,0,0,0,0,0,0,0
31,0,0,0,0,0,0,0,0,0,0
32,0,0,0,1,1,0,0,0,0,0
33,0,0,1,0,1,0,0,1,0,1
34,0,0,0,0,0,0,0,1,1,0
35,0,0,1,0,0,0,1,1,0,0
36,0,0,0,0,0,0,0,1,0,0
37,0,1,1,0,1,0,0,0,0,0
38,0,0,1,1,1,1,1,1,0,1
39,0,1,1,0,0,1,0,0,0,0
40,0,0,1,0,0,0,1,0,0,0
41,0,0,0,1,0,0,0,1,0,0
42,0,1,1,1,1,0,0,0,1,1
43,0,0,1,1,0,0,0,0,0,0
44,0,1,0,1,0,1,0,1,0,0
45,1,0,1,0,1,1,0,0,1,0
46,0,1,0,0,0,0,0,1,0,0
47,1,1,0,0,0,1,0,1,0,0
48,0,0,1,1,1,1,0,0,0,0
49,1,1,1,1,1,1,0,0,1,0
50,0,1,1,1,1,1,1,0,0,1
51,0,1,0,1,1,1,0,0,1,0
52,1,1,1,1,1,1,1,0,0,0
53,0,0,0,1,1,1,0,0,0,1
54,0,1,0,1,0,1,1,0,0,1
55,1,1,0,1,1,1,0,1,1,0
56,1,0,1,1,1,0,1,1,0,0
57,0,0,1,1,0,0,0,1,0,0
58,0,0,1,1,1,0,0,0,0,0
59,0,1,1,1,1,1,0,0,0,1
60,1,0,1,1,0,0,0,0,0,0
61,0,1,1,1,1,1,0,0,1,1
62,1,0,0,1,1,0,0,1,0,0
63,1,0,0,1,0,1,0,1,0,0
64,0,1,0,1,1,1,0,0,0,1
65,0,0,0,1,0,0,0,0,0,0
66,0,0,1,1,0,0,0,0,0,0
67,0,1,0,1,1,0,0,0,0,0
68,0,0,1,1,1,1,1,1,0,0
69,0,0,1,1,0,1,0,1,1,0
70,0,0,0,1,1,0,0,1,0,1
71,0,0,0,1,1,0,1,1,0,1
72,0,0,1,1,1,0,0,1,0,1
73,0,1,1,1,1,1,0,1,0,0
74,0,1,1,1,0,0,0,1,0,1
75,0,1,1,0,1,0,0,1,0,0
76,0,0,1,1,0,0,1,1,0,1
77,0,0,0,1,0,0,1,0,0,1
78,1,1,0,1,0,1,1,0,1,0
79,0,0,1,1,1,0,1,1,0,1
80,0,1,0,0,1,1,1,1,0,1
81,1,1,1,1,1,0,0,0,1,1
82,1,1,1,1,0,0,0,1,1,1
83,1,1,1,1,0,1,0,0,1,1
84,0,1,1,1,1,1,1,1,1,0
85,0,1,1,1,1,0,1,1,1,1
86,0,1,1,1,0,0,0,0,1,1
87,0,0,1,1,1,0,0,1,0,1
88,0,0,1,1,1,1,0,0,0,1
89,0,1,1,1,1,1,0,1,1,0
90,0,1,1,1,1,0,0,1,0,1
91,0,0,0,0,0,0,0,1,0,0
92,1,0,1,1,1,1,0,1,0,1
93,0,1,1,1,1,1,0,1,1,1
94,0,1,1,1,1,1,1,1,0,1
95,1,1,0,1,1,1,0,1,1,1
96,0,1,0,1,1,0,0,0,0,1
97,0,1,0,1,1,1,0,1,0,0
98,0,1,0,1,1,1,1,1,1,1
99,0,1,1,1,1,1,0,1,0,1
100,1,1,0,1,1,0,0,0,0,1
101,0,1,1,1,0,1,0,1,1,1
102,0,0,1,1,0,1,1,1,0,1
103,1,1,1,1,1,1,1,0,1,1
104,0,1,1,1,1,1,0,0,1,1
105,1,1,1,1,1,1,1,0,1,0
106,0,1,1,0,1,1,1,0,1,0
107,1,1,1,1,1,1,1,0,1,1
108,0,1,0,1,1,1,0,0,1,1
109,0,1,1,1,1,1,1,0,1,1
110,0,1,0,1,1,0,0,1,1,1
111,1,1,0,1,1,1,1,0,1,1
112,0,1,0,1,1,1,1,0,1,0
113,0,1,0,1,1,1,0,0,1,1
114,1,1,1,1,1,1,0,0,1,1
115,1,1,1,1,1,1,1,0,1,1
116,1,1,0,1,1,0,1,0,1,1
117,1,0,0,0,0,0,0,0,0,0
118,1,0,0,0,0,0,0,0,0,0
119,0,1,1,0,1,0,0,0,1,0
120,0,0,0,0,0,0,0,0,0,0
121,0,0,0,0,0,0,0,0,0,0
122,1,0,0,0,0,0,0,1,0,0
123,1,1,1,0,0,0,0,0,0,0
124,1,0,0,0,0,0,0,0,0,0
125,1,1,0,0,0,0,0,0,0,1
126,0,1,1,0,0,0,0,0,0,0
127,1,1,0,0,0,0,0,1,1,1
128,0,1,0,1,0,0,1,1,0,1
129,0,1,1,1,0,1,1,0,1,1
130,0,1,1,1,0,1,0,1,1,1
131,1,1,0,1,0,1,1,0,1,1
132,1,1,0,1,1,1,1,0,1,1
133,0,1,0,1,0,0,0,1,1,1
134,1,0,0,0,0,0,0,0,0,0
135,1,0,0,1,0,0,0,0,0,1
136,0,0,1,0,0,0,0,0,0,0
137,1,0,0,0,0,0,0,0,0,0
138,0,0,0,0,0,0,0,0,0,0
139,0,0,0,0,0,0,1,0,0,0
140,1,0,1,0,0,0,0,0,0,0
141,1,0,0,0,0,0,0,0,0,0
142,1,0,0,0,0,0,1,0,0,0
143,0,0,1,0,0,0,0,0,0,0
144,1,0,1,0,0,0,0,0,0,0
145,1,0,0,0,0,0,0,1,0,0
146,1,0,0,0,0,0,1,0,0,0
147,1,0,0,0,0,0,0,0,0,0
148,1,0,0,0,0,1,1,1,0,0
149,1,1,1,1,1,0,1,0,1,0
150,1,1,1,0,0,0,1,0,0,1
151,1,0,0,0,0,0,0,1,1,0
152,1,0,0,0,0,0,0,0,0,0
153,1,0,0,0,0,1,1,0,0,0
154,1,0,0,0,0,1,1,0,0,0
155,1,0,1,0,0,1,0,1,0,0
156,1,0,1,0,0,1,1,1,0,0
157,1,1,1,1,0,1,1,0,0,0
158,1,1,0,0,0,0,1,0,0,1
159,1,1,0,1,1,1,1,1,1,1
160,1,1,1,1,0,0,1,0,0,0
161,1,1,1,0,1,0,1,1,0,0
162,1,0,0,0,0,0,1,1,1,0
163,1,1,1,0,0,0,1,1,0,0
164,1,0,1,0,0,1,1,1,1,0
165,1,0,0,1,1,0,1,0,1,1
166,1,1,0,0,0,0,1,1,1,0
167,1,1,0,0,0,1,1,1,1,1
168,1,0,0,0,0,0,0,1,1,0
169,1,0,0,0,0,0,0,1,0,0
170,1,0,1,0,0,0,0,0,1,0
171,1,0,1,0,0,1,1,1,0,1
172,1,0,1,0,0,0,0,1,1,0
173,1,0,0,0,0,0,1,1,1,0
174,1,0,0,0,0,0,0,0,1,0
175,1,0,0,0,0,0,1,0,1,0
176,1,0,0,0,0,0,0,0,0,0
177,1,1,0,0,0,0,0,1,1,0
178,1,0,0,0,0,0,0,0,0,0
179,1,0,0,0,0,0,0,1,1,0
180,1,0,0,0,0,0,0,0,0,0
181,1,1,1,0,0,0,1,1,0,0
182,1,0,1,0,0,0,1,0,0,0
183,1,0,0,0,0,0,0,0,1,0
184,1,0,0,0,0,0,0,0,1,0
185,1,0,0,0,0,0,0,0,0,0
186,1,1,0,1,1,0,1,0,1,1
187,1,0,0,0,0,0,0,0,0,0
188,1,0,0,0,0,0,1,1,1,0
189,1,0,0,0,0,0,0,1,1,0
190,1,0,0,0,0,0,0,1,1,0
191,1,0,0,0,0,0,1,1,1,1
192,1,0,0,0,0,0,1,1,1,1
193,1,0,1,0,0,1,1,1,1,0
194,1,0,0,0,0,1,1,0,1,0
195,1,1,0,0,0,1,1,1,1,0
196,1,0,0,0,0,0,1,1,1,1
197,1,0,1,0,0,0,1,1,1,1
198,1,0,0,0,0,0,1,1,1,0
199,1,1,0,0,1,0,1,1,1,1
200,1,0,0,0,0,0,1,0,1,0
201,1,0,0,0,0,0,1,0,0,0
202,1,0,0,0,0,1,1,1,1,1
203,1,0,1,0,0,0,1,1,1,0
204,1,0,0,0,0,0,1,1,1,0
205,1,0,0,0,0,1,1,1,1,0
206,1,0,0,0,0,0,1,1,1,0
207,1,0,1,0,0,1,1,1,1,0
208,1,0,0,0,0,0,1,1,1,0
209,1,1,1,0,0,1,1,1,1,1
210,1,0,1,0,0,0,1,1,1,1
211,1,1,1,0,0,1,1,0,1,1
212,1,1,1,0,1,0,1,1,1,0
213,1,1,1,0,0,0,1,1,1,1
214,1,0,0,0,0,1,1,0,1,1
215,1,1,1,0,1,1,1,0,1,0
216,1,0,1,0,0,1,1,1,1,1
217,1,0,0,0,0,0,1,1,1,1
218,1,0,1,0,0,1,1,1,1,1
219,1,1,0,0,0,1,1,1,1,1
